475
474
475
472
474
473
477
479
475
474
482
488
489
494
499
501
502
500
499
493
491
493
493
490
482
478
480
489
482
486
486
485
485
479
475
471
471
467
475
477
478
476
474
471
473
471
476
476
477
477
477
486
494
499
496
497
494
501
504
509
508
508
504
501
502
498
493
497
498
496
500
504
507
512
515
510
507
513
514
506
504
503
497
499
503
508
510
515
523
521
527
526
521
520
511
503
497
499
495
490
497
495
489
491
488
482
482
475
473
471
466
461
457
464
471
471
472
471
468
471
465
465
465
464
462
464
464
462
464
464
463
466
465
470
464
470
467
464
469
468
460
462
460
462
468
466
468
471
477
479
475
480
483
483
479
471
468
460
458
459
455
452
454
456
454
463
466
460
466
467
472
470
477
483
482
481
480
480
483
483
486
485
484
491
488
485
490
492
492
494
495
497
496
505
499
503
506
498
493
495
497
496
492
490
492
500
498
497
505
503
497
496
495
490
482
480
485
478
479
485
492
487
481
483
484
488
493
497
494
497
501
499
496
501
506
508
503
508
504
504
499
501
500
498
498
504
497
500
496
501
496
495
497
491
494
503
512
508
501
507
506
510
510
508
503
496
493
494
497
495
498
493
495
491
493
491
492
490
490
492
491
495
492
491
490
483
484
479
478
482
478
480
472
475
473
475
469
467
468
472
469
470
469
467
469
467
464
460
460
466
469
468
462
460
458
460
452
446
451
448
446
441
446
454
458
462
462
467
462
467
468
472
475
480
484
490
495
488
485
485
484
490
486
482
475
480
482
485
477
477
476
475
479
483
481
476
474
478
477
482
476
473
479
482
483
490
489
482
486
487
484
483
480
483
480
474
465
472
480
479
483
477
486
483
486
485
489
488
483
489
485
486
491
489
488
488
486
490
484
487
490
494
495
497
496
498
495
493
494
496
504
510
511
511
511
514
517
514
506
508
511
511
508
507
511
505
504
502
505
501
499
500
500
496
498
496
498
498
498
496
498
496
500
499
495
495
493
489
490
484
484
481
477
482
483
479
483
480
482
478
473
473
475
480
482
487
482
478
476
478
474
473
466
463
461
458
461
458
455
462
465
471
470
470
474
478
481
481
481
483
487
484
485
479
485
480
487
482
485
487
483
485
487
488
492
498
498
501
496
490
492
496
503
504
510
514
511
507
502
499
497
502
504
506
505
510
511
510
509
507
509
507
510
508
504
501
505
510
512
515
520
515
514
513
512
518
519
520
526
527
527
525
526
524
526
528
527
521
518
510
510
504
506
507
507
510
505
505
498
502
508
514
510
502
505
505
504
502
505
501
504
505
505
501
504
500
500
507
515
520
523
520
521
528
520
519
517
522
519
520
520
521
514
511
504
512
511
509
510
513
512
514
511
517
515
516
516
520
522
522
527
526
526
526
521
519
520
512
512
510
510
515
510
505
509
509
507
514
517
520
523
530
531
525
525
520
517
517
513
519
516
525
524
528
528
524
519
516
523
521
522
519
520
521
520
518
519
524
528
529
528
532
533
531
527
531
533
534
534
534
530
535
535
534
541
537
536
536
537
535
536
541
541
540
539
533
532
528
523
527
532
536
529
521
527
529
522
518
523
526
525
524
528
535
531
529
525
528
529
535
531
533
532
535
534
542
542
537
542
542
541
548
552
559
560
556
557
553
545
549
549
551
558
551
546
551
556
555
563
569
574
574
577
578
581
580
578
579
582
589
588
586
589
586
581
576
572
578
571
577
577
578
583
591
587
589
592
596
595
598
597
597
597
593
594
600
608
602
602
604
609
612
610
611
619
621
621
621
615
617
619
620
619
611
606
597
598
597
589
587
595
586
583
587
585
585
582
581
581
585
586
584
588
582
575
572
579
576
580
575
566
560
553
550
555
564
571
574
575
571
570
570
576
569
572
570
568
563
571
573
572
572
570
574
571
564
566
561
561
560
569
574
576
577
581
579
578
576
580
583
585
583
590
587
589
590
591
587
588
586
586
583
584
582
587
582
585
577
583
588
586
580
579
579
580
584
586
590
588
588
584
578
583
576
576
577
577
584
577
576
572
574
567
572
572
571
571
568
567
561
565
572
577
585
582
577
582
575
578
579
582
581
576
579
583
581
584
582
579
579
575
569
564
557
556
555
555
546
553
557
560
561
558
556
556
553
549
551
550
558
563
557
549
548
548
551
551
552
553
553
554
557
554
553
550
546
547
546
551
543
536
540
543
549
541
541
547
554
555
560
567
565
569
571
574
579
573
567
563
561
559
562
559
556
553
554
555
560
560
559
557
558
562
564
568
570
569
570
564
558
561
556
560
563
563
564
570
570
575
581
588
597
597
597
588
580
583
584
584
590
590
589
582
579
584
586
584
583
583
582
587
592
599
606
603
605
601
598
599
596
592
593
595
594
594
591
593
593
595
600
602
594
595
596
601
608
608
607
607
608
611
606
606
602
596
601
600
598
600
598
602
600
607
604
601
606
598
595
598
590
585
585
585
586
592
590
589
590
590
582
579
578
575
583
585
586
587
585
591
589
593
593
600
600
599
596
598
595
597
602
605
603
601
598
597
602
598
598
604
603
598
592
591
589
591
587
588
587
586
589
584
576
575
575
572
567
571
571
573
573
579
572
569
571
572
573
568
568
563
562
563
570
575
575
577
575
573
573
572
567
567
568
577
568
573
577
581
587
587
593
591
594
598
597
599
601
592
593
597
598
593
591
590
596
601
598
602
594
589
587
585
590
591
587
590
585
583
584
581
580
580
577
581
574
580
585
590
591
598
603
601
604
610
608
601
604
603
603
597
600
601
601
600
606
608
608
612
616
622
617
620
615
610
613
614
619
621
626
628
628
625
617
614
614
615
615
613
609
603
608
616
619
625
629
621
624
632
628
625
621
615
609
602
610
605
600
604
605
604
608
607
615
614
613
604
611
614
612
608
603
608
613
608
603
604
605
597
599
601
609
604
606
608
613
609
602
603
605
609
613
614
621
623
623
627
631
632
633
626
628
620
619
619
618
610
610
614
614
611
611
609
607
602
605
600
595
595
598
601
606
600
604
607
612
612
605
601
597
593
587
581
585
585
580
583
583
579
580
586
585
585
588
586
586
589
587
588
587
591
591
594
590
597
594
593
600
606
608
604
605
602
594
590
595
590
593
594
599
605
596
601
609
611
607
612
609
612
607
604
600
598
599
600
594
600
592
595
589
597
602
604
602
605
605
600
599
598
599
597
596
595
587
588
585
589
586
590
590
589
597
596
597
605
612
611
611
613
607
608
609
613
608
610
616
612
606
604
599
597
596
