335
327
322
317
320
327
330
323
326
327
326
322
327
325
329
333
339
343
344
336
335
332
330
328
330
323
321
322
324
333
342
348
352
351
352
350
351
342
341
344
336
340
336
327
333
331
326
325
326
326
327
332
330
330
329
332
337
330
335
331
339
337
338
333
333
331
337
333
336
345
347
354
358
360
367
371
361
361
357
367
367
362
365
361
361
352
357
356
355
352
348
345
343
345
339
340
350
348
349
342
335
339
332
328
326
324
320
316
325
324
331
320
317
318
309
310
316
317
322
322
323
312
316
314
320
317
312
312
309
299
299
301
299
302
307
312
320
327
327
332
330
322
320
313
321
326
325
327
327
322
322
316
318
322
317
321
323
318
321
320
330
339
346
347
347
351
346
348
357
353
344
347
349
347
356
355
360
354
354
350
343
347
338
343
347
348
338
345
339
340
344
343
344
351
349
354
356
359
368
361
355
345
341
343
336
335
328
325
330
336
335
339
338
333
336
333
343
344
350
349
338
339
336
330
336
340
342
344
341
343
345
344
345
339
340
342
344
335
329
335
337
340
335
343
345
342
343
339
339
340
338
339
337
333
321
331
332
327
323
319
322
318
326
327
328
327
320
309
300
308
299
300
305
302
311
316
317
320
317
320
309
308
304
293
295
299
304
307
307
316
324
326
327
325
321
328
331
339
337
337
336
328
326
328
320
322
323
327
333
336
344
337
331
334
330
328
325
322
329
341
342
332
334
342
348
353
351
348
353
363
364
361
365
369
367
366
364
368
370
369
361
365
371
375
381
378
379
384
386
388
377
384
390
386
380
384
395
397
395
399
403
411
412
416
423
421
412
419
421
423
420
421
418
413
405
405
405
409
415
418
421
419
421
419
420
427
426
433
429
432
433
430
439
446
458
464
461
459
457
450
448
446
442
446
450
446
441
447
443
449
453
452
458
455
460
456
457
460
455
458
450
440
444
440
444
451
458
461
463
460
454
453
448
451
446
450
450
448
451
461
469
472
471
469
464
465
461
459
464
468
476
486
491
492
492
488
477
465
462
469
467
470
469
473
469
473
475
474
471
477
479
478
479
481
480
484
486
484
483
486
486
488
492
494
494
490
487
489
484
488
485
489
490
488
478
475
474
476
477
471
477
475
470
471
463
462
457
455
466
469
467
473
473
479
478
475
469
469
472
468
465
458
463
468
464
468
465
461
468
463
463
465
465
470
478
482
480
485
492
490
482
487
479
472
477
471
478
474
468
476
474
474
465
461
455
453
455
457
456
449
451
449
448
449
453
460
464
470
464
468
471
480
484
475
478
478
480
479
484
484
475
471
462
467
466
458
462
457
463
463
463
466
470
467
456
461
463
456
453
450
450
441
441
440
443
446
437
435
440
441
439
440
443
443
432
427
432
429
435
428
425
432
436
441
448
439
435
440
435
443
442
433
437
441
447
446
445
448
455
453
454
447
445
444
442
446
447
436
431
430
432
424
414
417
421
424
429
437
439
439
445
452
453
453
451
462
460
461
461
454
449
446
448
445
443
439
445
451
444
451
454
458
461
465
466
477
479
478
470
476
478
489
484
488
491
490
487
484
482
492
493
492
497
490
487
478
476
472
477
471
471
475
476
476
472
476
467
466
470
470
468
467
474
469
469
463
468
470
462
459
457
452
463
459
456
452
451
458
461
462
463
465
469
470
468
472
479
480
482
470
470
466
460
462
461
459
451
456
465
475
475
470
472
470
467
468
474
477
483
484
485
484
484
488
488
492
497
489
496
491
488
487
483
485
484
482
483
489
487
492
495
505
504
505
510
522
519
520
525
524
519
523
519
513
519
518
524
519
525
532
531
530
533
534
529
526
531
533
541
539
528
537
538
529
521
532
532
524
514
512
517
525
530
526
528
528
527
523
529
524
522
523
515
512
508
511
500
499
507
509
514
513
517
528
533
537
544
553
546
553
553
558
548
548
556
554
552
560
556
550
543
551
554
556
557
560
564
562
569
579
579
575
574
577
578
581
582
580
578
581
582
580
588
588
585
585
579
582
580
584
587
581
583
576
568
567
565
568
572
580
583
579
581
590
592
585
591
592
597
598
604
609
615
611
608
603
602
606
595
599
604
610
608
610
611
618
621
618
627
622
619
621
615
615
609
601
596
600
603
601
605
604
613
610
610
618
618
611
617
613
616
623
619
622
611
618
615
607
613
611
605
610
608
609
606
607
604
598
598
604
598
596
595
588
597
598
587
586
587
582
584
586
587
592
591
600
604
610
608
604
600
607
599
604
599
599
601
601
603
606
608
604
603
609
613
624
624
615
621
622
618
621
620
623
631
636
628
631
627
626
625
624
635
634
637
645
649
643
645
635
641
634
630
623
630
631
627
627
634
646
649
657
660
652
659
670
667
668
670
679
678
684
678
672
682
685
683
682
683
686
688
689
690
691
695
689
691
691
691
691
690
700
701
698
693
694
692
691
700
697
691
685
688
679
682
684
673
670
675
679
679
690
694
691
685
689
685
680
677
671
675
674
677
671
675
676
681
676
672
673
677
666
662
660
661
662
659
665
660
657
654
650
639
637
638
633
637
625
622
615
618
609
619
617
613
614
620
619
621
622
622
626
623
619
617
614
625
622
616
613
615
608
606
604
603
602
599
599
600
603
602
596
600
605
598
595
603
603
603
601
609
601
594
595
593
603
593
587
585
588
590
587
592
593
602
602
606
614
610
612
614
611
611
607
609
600
605
615
606
608
613
601
606
618
617
625
623
622
622
626
621
624
627
627
629
627
630
640
645
654
656
660
650
648
645
640
645
650
648
647
648
651
651
641
643
651
654
659
655
663
668
670
675
684
688
688
691
692
684
675
679
686
680
679
689
694
693
704
706
706
714
704
706
704
697
692
698
706
710
715
718
724
719
725
734
728
729
733
737
736
738
744
750
750
753
755
758
761
762
764
766
760
759
756
753
752
752
747
747
749
747
750
759
755
753
756
755
749
750
758
762
757
762
750
746
741
733
726
729
737
736
738
729
732
731
738
741
742
746
757
750
752
762
760
761
762
767
763
755
749
747
750
747
741
744
747
738
737
731
731
721
712
703
698
693
700
695
690
688
691
687
681
675
687
686
688
691
690
682
682
688
682
681
692
701
710
704
700
705
699
698
698
694
701
699
700
700
699
700
702
698
696
704
707
703
695
696
705
697
708
707
711
720
723
723
723
719
725
728
734
735
737
735
736
739
739
743
735
737
743
749
750
741
739
746
751
747
744
745
751
745
748
740
739
744
740
748
738
746
748
752
758
765
756
751
741
732
730
721
721
